## P BOX
0 1 1 0 1 0
0 1 0 0 0 0
1 1 1 0 1 0
0 1 0 1 1 1
0 0 0 0 1 0
0 1 0 1 1 0

## S BOX
0 31
1 12
2 62
3 11
4 55
5 33
6 42
7 32
8 30
9 22
10 5
11 8
12 34
13 59
14 25
15 46
16 39
17 27
18 28
19 48
20 51
21 3
22 56
23 60
24 44
25 15
26 6
27 21
28 10
29 1
30 38
31 35
32 26
33 13
34 49
35 4
36 52
37 24
38 61
39 58
40 29
41 57
42 20
43 9
44 37
45 45
46 63
47 23
48 14
49 19
50 2
51 17
52 7
53 54
54 41
55 18
56 47
57 16
58 40
59 43
60 53
61 50
62 36
63 0

## K BOX
0 0
1 39
2 37
3 48
4 53
5 5
6 50
7 3
8 63
9 45
10 9
11 8
12 17
13 2
14 31
15 11
16 51
17 57
18 24
19 47
20 25
21 46
22 58
23 34
24 42
25 1
26 36
27 61
28 18
29 19
30 12
31 23
32 62
33 49
34 40
35 28
36 43
37 26
38 14
39 4
40 7
41 29
42 20
43 38
44 30
45 35
46 33
47 56
48 54
49 55
50 22
51 44
52 32
53 41
54 13
55 10
56 6
57 59
58 52
59 16
60 60
61 15
62 27
63 21

